ATMOFX_BODY:NEEDS[MPE]
{
	name = Ervo
	strength_multiplier = 1
	length_multiplier = 1
	opacity_multiplier = 1
	wrap_fresnel_modifier = 0
	particle_threshold = 1200
	streak_probability = 0.0900000036
	streak_threshold = -0.0340909101
	Color
	{
		glow = 191 80 50 1.4
		glow_hot = 191 90 65 2.5
		trail_primary = 15 121 133 0.2272727
		trail_secondary = 127 42 219 0.3409091
		trail_tertiary = 140 183 103 2
		trail_streak = 46 60 18 0.4772727
		wrap_layer = 191 124 73 2
		wrap_streak = 76 116 191 2.5
		shockwave = 41 113 153 3
	}
}
