ATMOFX_BODY:NEEDS[OPM]
{
	name = Sarnus
	config_version = 5
	
	strength_multiplier = 1
	length_multiplier = 1
	opacity_multiplier = 1
	wrap_fresnel_modifier = 0
	particle_threshold = 1200
	streak_probability = 0.0700000003
	streak_threshold = -0.200000003
	Color
	{
		glow = 191 80 50 1.4
		glow_hot = 191 90 65 2.5
		trail_primary = 117 35 222 2.5
		trail_secondary = 227 55 120 1.8
		trail_tertiary = 213 210 85 2
		trail_streak = 229 190 253 2
		wrap_layer = 187 190 55 2
		wrap_streak = 76 116 191 2.5
		shockwave = 182 185 243 1.090909
	}
}
