ATMOFX_BODY:NEEDS[OPM]
{
	name = Tekto
	strength_multiplier = 1
	length_multiplier = 1
	opacity_multiplier = 1
	wrap_fresnel_modifier = 0
	particle_threshold = 1200
	streak_probability = 0.0700000003
	streak_threshold = -0.200000003
	Color
	{
		glow = 191 80 50 1.4
		glow_hot = 191 90 65 2.5
		trail_primary = 184 116 6 0.3181818
		trail_secondary = 230 222 128 1.8
		trail_tertiary = 215 247 195 2
		trail_streak = 219 249 196 2
		wrap_layer = 191 124 73 2
		wrap_streak = 76 116 191 2.5
		shockwave = 61 110 133 3
	}
}
