ATMOFX_BODY:NEEDS[KcalbelohSystem]
{
	name = Efil
	config_version = 5
	
	strength_multiplier = 1
	length_multiplier = 1
	opacity_multiplier = 1
	wrap_fresnel_modifier = 0
	particle_threshold = 1200
	streak_probability = 0.0700000003
	streak_threshold = -0.200000003
	Color
	{
		glow = 191 80 50 1.4
		glow_hot = 191 90 65 2.5
		trail_primary = 238 134 65 2.5
		trail_secondary = 237 45 9 1.613636
		trail_tertiary = 71 51 217 3
		trail_streak = 66 78 218 2
		wrap_layer = 191 124 73 2
		wrap_streak = 76 116 191 2.5
		shockwave = 38 67 222 2.340909
	}
}
