ATMOFX_BODY
{
	name = Noyreg
	strength_multiplier = 1
	length_multiplier = 1
	opacity_multiplier = 1
	wrap_fresnel_modifier = 0
	particle_threshold = 1200
	streak_probability = 0.0700000003
	streak_threshold = -0.200000003
	Color
	{
		glow = 191 80 50 1.4
		glow_hot = 191 90 65 2.5
		trail_primary = 33 226 218 1.477273
		trail_secondary = 113 180 225 0.6136364
		trail_tertiary = 17 144 200 3
		trail_streak = 66 178 218 2
		wrap_layer = 191 124 73 2
		wrap_streak = 76 116 191 2.5
		shockwave = 84 206 145 2.886364
	}
}
