ATMOFX_BODY:NEEDS[KcalbelohSystem]
{
	name = Rouqea
	config_version = 5
	
	strength_multiplier = 1
	length_multiplier = 1
	opacity_multiplier = 1
	wrap_fresnel_modifier = 0
	particle_threshold = 1200
	streak_probability = 0.0700000003
	streak_threshold = -0.200000003
	Color
	{
		glow = 191 80 50 1.4
		glow_hot = 191 90 65 2.5
		trail_primary = 192 70 31 2.5
		trail_secondary = 212 80 38 1.613636
		trail_tertiary = 53 68 178 3
		trail_streak = 63 63 202 2
		wrap_layer = 191 124 73 2
		wrap_streak = 96 68 29 2.5
		shockwave = 16 22 187 1.386364
	}
}
