ATMOFX_BODY
{
	name = Suluco
	strength_multiplier = 1
	length_multiplier = 1
	opacity_multiplier = 1
	wrap_fresnel_modifier = 0
	particle_threshold = 1200
	streak_probability = 0.0700000003
	streak_threshold = -0.200000003
	Color
	{
		glow = 191 80 50 1.4
		glow_hot = 191 90 65 2.5
		trail_primary = 230 139 84 2.5
		trail_secondary = 236 82 39 1.613636
		trail_tertiary = 48 58 220 3
		trail_streak = 69 66 218 2
		wrap_layer = 191 124 73 2
		wrap_streak = 76 116 191 2.5
		shockwave = 59 97 234 2.659091
	}
}
