ATMOFX_BODY
{
	name = Uleg
	strength_multiplier = 1
	length_multiplier = 1
	opacity_multiplier = 1
	wrap_fresnel_modifier = 0
	particle_threshold = 1200
	streak_probability = 0.0700000003
	streak_threshold = -0.200000003
	Color
	{
		glow = 191 80 50 1.4
		glow_hot = 191 90 65 2.5
		trail_primary = 112 86 32 0.5909091
		trail_secondary = 204 128 64 0.4318182
		trail_tertiary = 151 225 119 0.75
		trail_streak = 66 178 218 0.2045454
		wrap_layer = 191 124 73 2
		wrap_streak = 76 116 191 2.5
		shockwave = 46 177 202 2.227273
	}
}
